97
80
19	30
5	8
5	13
23	15
4	9
4	3
11	2
7	9
7	3
14	8
6	11
6	2
8	11
8	2
12	12
12	2
10	30
10	21
6	15
6	14
9	2
9	22
16	6
2	5
2	5
6	11
30	9
8	10
8	10
4	5
4	5
14	4
14	2
22	4
14	8
14	3
22	10
20	4
20	6
7	2
2	13
2	9
5	13
5	9
11	17
11	7
18	6
8	4
8	2
7	5
7	3
14	3
7	17
7	7
7	5
7	3
6	6
6	4
2	4
2	6
61	9
8	6
8	5
2	5
2	4
28	5
28	4
29	6
20	3
20	21
39	10
13	4
13	7
22	6
22	5
26	4
26	7
9	3
9	21
31	11
31	9
28	6
19	3
8	18
8	3
11	18
11	3
18	10
6	2
6	9
12	2
12	9
9	3
2	12
2	9
7	12
7	9


17
200
82 38
37 13
81 22
16 25
21 64
29 55
52 178
98 39
102 37
46 103
29 86
10 37
63 26
50 11
13 40
60 29
119 20

